-1 9
-0.5 10
0 11
1 12
2 13
3 13.5
3.5 12.5
2 11
1 10
1.5 8.5
2 8
2 7.5
1 7
0.5 7
0 7
-1 7.5
-1.5 8
-1 9
Break
1.5 8.5
3 8.5
6 8.5
8 7.5
9.5 6.5
10.5 5
11 4
11.5 2
12 0
11.5 -3
10.5 -5
9 -7
7 -8.5
5 -9.5
3 -10
1 -10
-1.5 -10
-3.5 -10
-6 -9
-8.5 -7
-10 -5
-11.5 -2
-12 0
-11.5 2
-11 4
-10 6
-8 7.5
-6 8.5
-4 9
-2 9
-1 9
Break
2 8
5 7.5
7 6.5
8.5 5
9.5 3
10 1
10.5 -1
10 -3
9 -5.5
7 -8.5
Break
2 8
4 7
6 5
7 3
7.5 0
7.5 -2
Break
7.5 -3.5
7 -5
6 -7
5 -9.5
Break
0 -5.5
0.5 -8
1 -10
Break
2 7.5
3 6.5
4 4
6 1
4.5 1
1.5 1
4 4
Break
4.5 1
4.5 -1
4.5 -3
Break
4 -6.5
4 -8
3 -10
Break
0.5 7
0 5
0 0
-1 -1.5
0 -1.5
1.5 -1.5
0.5 0.5
0 0
Break
0 -1.5
0 -3.5
1.5 -3.5
1.5 -4.5
3.5 -4.5
3 -3
4.5 -3
7.5 -2
8.5 -2
7.5 -3.5
6 -5
5 -6
4 -6.5
1.5 -7
1 -5.5
0 -5.5
-1 -5.5
-1 -7.5
-3 -6.5
-5 -5.5
-7.5 -1.5
-3.5 -3
-4 -4.5
-2 -4.5
-1.5 -3
0 -3.5
Break
-1 7.5
-2.5 6
-3 5
-3.5 4
-1.5 1
-4 0.5
-6 0.5
-3.5 4
Break
-4 0.5
-4 -1
-3.5 -3
Break
