-1 11
1 8
2 6
1.5 5.5
2 5
2.5 5.5
3 5
2.5 4.5
1 4.5
0 4
-1 3
-2 1
-3 -1
-3 -2
-2.5 -2.5
-1 -2
-1 -2.5
-2 -3
-4 -3.5
-4.5 -3.5
-5 -3
-6.5 -4
-13 -3
-13.5 -5
-13 -7
-12 -8.5
-10 -7
-7 -5
-6 -4.5
-4.5 -5
-4.5 -4.5
-3.5 -4
-1.5 -3.5
-1 -4.5
-1.5 -5
-2 -5
-2.5 -4.5
-3.5 -4.5
-4.5 -6
-5.5 -8
-4 -7
-2 -6
2 -5.5
4 -4.5
4.5 -4
4 -3.5
3.5 -2.5
7 -2
13 -0.5
13 0.5
11 0
9 -0.5
6 -0.5
4 0
3.5 1
3.5 3
5 3
4.5 4
5.5 3.5
6 4.5
7 5
6.5 5.5
5.5 6
5 7
5.5 7.5
5.5 8
5 7.5
4.5 7.5
4 8
2 9
-1 11
Break
2.5 -0.5
4 -1.5
2.5 -2
2.5 -.5
Break
